00000.png;527;377;555;404;warning
00001.png;738;279;815;414;prohibitory
00002.png;532;426;640;523;warning;535;335;636;427;warning
00003.png;1175;134;1210;166;warning
00004.png;997;212;1030;244;mandatory
00005.png;276;236;311;268;mandatory;915;217;947;248;prohibitory
00006.png;129;373;185;425;mandatory
00007.png;402;138;437;173;mandatory
00008.png;415;297;471;370;prohibitory
00009.png;343;240;375;271;mandatory;936;220;965;249;prohibitory
00010.png;848;251;892;294;mandatory
00011.png;114;111;290;290;prohibitory
00012.png;598;250;752;406;warning;468;427;557;508;warning;470;320;560;403;warning
00013.png;987;87;1102;231;prohibitory
00014.png;738;172;766;199;mandatory;911;169;939;196;mandatory
00015.png;1173;370;1210;406;prohibitory
00016.png;144;121;196;173;mandatory
00017.png;967;415;992;440;prohibitory
00018.png;512;312;558;360;prohibitory;512;263;559;309;warning
00019.png;724;483;751;511;prohibitory;533;338;599;404;prohibitory;409;519;436;547;prohibitory
00020.png;165;205;207;244;mandatory;971;169;1008;209;prohibitory
00021.png;786;478;809;504;mandatory
00022.png;138;278;186;329;prohibitory;857;378;882;404;mandatory
00023.png;82;458;141;520;warning;67;341;211;458;warning
00024.png;1029;395;1084;447;prohibitory
00025.png;587;365;634;414;prohibitory;408;363;454;410;prohibitory;227;361;273;409;prohibitory
00026.png;462;336;564;465;prohibitory
00027.png;698;445;724;471;mandatory
00028.png;449;348;587;477;warning;462;215;594;348;prohibitory
00029.png;1090;289;1187;385;prohibitory;1085;192;1185;289;prohibitory
00030.png;990;439;1021;471;prohibitory
00031.png;368;387;453;462;warning
00032.png;514;287;619;383;warning;511;391;617;488;warning
00033.png;371;422;420;473;prohibitory
00034.png;382;417;548;580;warning;24;670;93;735;warning
00035.png;161;154;302;299;prohibitory
00036.png;443;426;524;498;warning;446;349;527;420;warning
00037.png;365;296;391;321;mandatory
00038.png;577;464;619;505;prohibitory
00039.png;522;256;683;413;mandatory;339;239;505;402;prohibitory;158;221;324;385;prohibitory
00040.png;426;315;566;456;prohibitory
00041.png;894;276;959;341;mandatory
00042.png;535;522;576;564;mandatory;489;518;531;561;prohibitory;442;516;484;558;prohibitory
00043.png;558;239;654;328;warning
00044.png;899;302;958;363;prohibitory
00045.png;413;122;602;309;prohibitory
00046.png;347;277;406;328;warning
00047.png;466;379;506;418;prohibitory
00048.png;1063;241;1118;295;prohibitory
00049.png;377;356;494;460;warning
00050.png;946;421;1000;474;mandatory
00051.png;552;338;634;421;mandatory;456;334;543;420;prohibitory;359;331;447;418;prohibitory
00052.png;834;487;863;516;mandatory
00053.png;310;197;436;344;mandatory
00054.png;626;333;724;435;prohibitory
00055.png;272;328;320;371;warning
00056.png;999;413;1038;449;warning
00057.png;495;164;653;306;warning
00058.png;386;494;428;536;prohibitory
00059.png;624;439;681;489;warning
00060.png;391;221;425;255;mandatory
00061.png;947;412;992;457;mandatory
00062.png;522;404;572;455;prohibitory
00063.png;1047;413;1095;458;prohibitory
00064.png;430;208;474;252;mandatory
00065.png;542;416;600;472;mandatory;479;416;536;473;prohibitory;416;417;473;473;prohibitory
00066.png;465;477;492;503;prohibitory
00067.png;709;235;772;298;prohibitory;637;233;702;295;prohibitory
00068.png;472;220;620;368;prohibitory
00069.png;342;246;389;294;mandatory
00070.png;1081;318;1166;399;prohibitory;1085;236;1168;319;prohibitory
00071.png;919;418;946;445;mandatory
00072.png;933;270;972;304;warning
00073.png;379;591;416;628;mandatory;339;588;375;624;prohibitory;297;586;333;622;prohibitory;671;290;741;361;prohibitory
00074.png;411;402;432;422;prohibitory
00075.png;1106;413;1161;466;prohibitory
00076.png;453;259;523;326;prohibitory
00077.png;759;303;784;326;warning
00078.png;480;74;596;179;warning
00079.png;782;285;811;311;warning
00080.png;210;176;390;356;prohibitory
00081.png;267;374;302;407;prohibitory;267;335;302;370;prohibitory;224;375;257;408;prohibitory;224;338;259;373;prohibitory
00082.png;512;399;540;426;prohibitory
00083.png;401;497;424;521;prohibitory
00084.png;480;399;521;439;mandatory
00085.png;549;387;605;441;prohibitory;488;386;545;440;prohibitory
00086.png;535;356;609;428;prohibitory;529;283;603;355;prohibitory
00087.png;652;378;676;401;prohibitory;986;365;1009;388;mandatory;1132;362;1158;386;mandatory
00088.png;323;239;366;278;warning
00089.png;316;221;353;256;mandatory;1161;197;1211;247;mandatory
00090.png;172;285;197;310;prohibitory
00091.png;1013;116;1082;181;mandatory;59;175;87;202;mandatory
00092.png;340;425;412;498;prohibitory
00093.png;454;370;509;424;prohibitory
00094.png;473;403;545;480;mandatory;387;396;462;471;prohibitory;302;389;376;464;prohibitory
00095.png;946;344;1004;402;mandatory
00096.png;480;355;539;415;prohibitory
00097.png;515;297;600;395;prohibitory
00098.png;745;208;799;263;mandatory
00099.png;949;282;983;317;prohibitory;949;235;984;269;warning
00100.png;336;240;373;273;warning
00101.png;66;690;98;726;prohibitory;69;653;103;689;prohibitory;154;385;290;524;prohibitory;471;335;640;507;prohibitory
00102.png;315;79;393;157;mandatory
00103.png;1140;360;1206;423;prohibitory;1136;425;1204;487;mandatory
00104.png;807;131;853;177;prohibitory
00105.png;1127;267;1189;326;prohibitory
00106.png;1114;292;1163;334;warning
00107.png;867;445;902;477;warning
00108.png;70;205;137;262;warning
00109.png;1047;304;1131;383;prohibitory;1050;223;1133;303;prohibitory
00110.png;824;149;865;191;prohibitory
00111.png;458;320;501;363;prohibitory;412;322;454;365;prohibitory
00112.png;869;196;928;252;warning
00113.png;535;355;625;449;prohibitory
00114.png;1011;193;1107;284;mandatory
00115.png;504;250;535;281;mandatory
00116.png;1140;260;1224;341;prohibitory;448;312;528;393;prohibitory
00117.png;289;380;358;450;prohibitory
00118.png;855;499;886;542;prohibitory;584;185;739;348;prohibitory
00119.png;917;462;937;482;warning;426;361;497;424;warning
00120.png;604;286;677;358;prohibitory
00121.png;399;366;449;416;mandatory
00122.png;913;338;947;372;mandatory
00123.png;443;341;537;432;prohibitory;393;304;463;375;prohibitory
00124.png;918;200;976;255;mandatory
00125.png;333;203;358;229;mandatory;1182;158;1236;210;mandatory
00126.png;431;331;526;428;prohibitory
00127.png;775;241;886;352;mandatory;650;242;759;352;prohibitory;529;246;635;352;prohibitory
00128.png;571;351;666;431;warning;573;242;663;323;warning
00129.png;595;404;663;472;prohibitory
00130.png;1148;265;1214;321;warning
00131.png;310;437;369;492;warning
00132.png;509;278;579;349;prohibitory
00133.png;1028;349;1068;393;mandatory
00134.png;390;271;536;416;prohibitory
00135.png;461;143;531;224;prohibitory;215;219;246;246;warning
00136.png;474;335;500;360;mandatory;448;335;472;359;prohibitory;420;334;445;359;prohibitory
00137.png;534;259;622;344;prohibitory
00138.png;370;452;394;478;prohibitory
00139.png;976;384;1037;443;prohibitory
00140.png;152;686;224;757;prohibitory;382;166;501;270;warning;204;159;320;264;warning
00141.png;536;377;572;416;mandatory
00142.png;535;258;581;302;mandatory;484;251;531;298;prohibitory;433;247;479;294;prohibitory
00143.png;311;477;340;506;prohibitory
00144.png;537;422;685;569;mandatory;369;414;520;564;prohibitory;203;409;354;559;prohibitory
00145.png;609;399;650;438;mandatory
00146.png;868;180;888;200;prohibitory;860;249;910;291;warning
00147.png;1077;359;1111;392;warning
00148.png;969;231;1036;292;mandatory
00149.png;435;8;652;198;warning
00150.png;381;302;471;392;prohibitory
00151.png;307;350;349;391;prohibitory
00152.png;248;221;303;278;mandatory
00153.png;733;80;883;246;mandatory
00154.png;422;457;475;511;warning
00155.png;601;465;637;500;prohibitory
00156.png;409;395;487;473;prohibitory;285;319;336;371;prohibitory;211;308;265;362;prohibitory;133;295;191;350;prohibitory;128;373;187;431;prohibitory
00157.png;157;266;206;315;mandatory
00158.png;1021;296;1062;338;mandatory
00159.png;471;315;557;400;warning
00160.png;501;203;584;303;prohibitory
00161.png;456;283;588;426;warning
00162.png;428;418;464;455;prohibitory;430;374;466;411;prohibitory
00163.png;803;248;869;322;prohibitory
00164.png;254;504;306;561;prohibitory;257;445;309;502;prohibitory
00165.png;569;362;613;404;prohibitory
00166.png;480;313;538;367;warning
00167.png;271;156;320;206;mandatory
00168.png;977;364;1031;427;prohibitory
00169.png;533;463;606;535;mandatory;449;461;526;535;prohibitory;368;458;443;533;prohibitory
00170.png;916;270;972;336;prohibitory;923;341;975;407;prohibitory;805;373;844;412;mandatory
00171.png;917;356;948;388;prohibitory;951;352;982;384;prohibitory;985;352;1017;383;mandatory;1099;345;1132;377;prohibitory;1016;447;1042;471;prohibitory
00172.png;355;418;396;454;warning
00173.png;439;320;494;375;warning;442;247;498;303;warning
00174.png;355;418;379;441;prohibitory;476;246;526;294;prohibitory;422;243;471;289;warning
00175.png;1211;273;1259;319;prohibitory;1050;283;1095;328;mandatory;1002;286;1047;328;prohibitory;956;289;1000;334;prohibitory;1094;413;1131;449;prohibitory
00176.png;432;377;468;410;warning
00177.png;428;263;508;340;prohibitory;328;262;408;339;prohibitory
00178.png;458;432;490;459;warning
00179.png;668;641;697;680;prohibitory;330;454;377;501;prohibitory
00180.png;871;186;906;221;prohibitory
00181.png;412;339;469;402;prohibitory
00182.png;932;311;967;346;prohibitory
00183.png;205;352;257;409;prohibitory
00184.png;184;440;218;474;prohibitory;470;379;534;444;prohibitory
00185.png;479;430;576;519;warning;484;348;576;431;warning
00186.png;485;284;556;357;prohibitory
00187.png;701;446;722;469;mandatory
00188.png;638;216;826;410;prohibitory
00189.png;886;443;927;484;mandatory
00190.png;492;90;549;142;warning
00191.png;311;381;359;421;warning
00192.png;599;446;643;490;prohibitory;604;395;647;438;prohibitory;491;211;543;265;prohibitory;434;211;488;263;prohibitory;376;208;430;262;prohibitory
00193.png;922;465;945;491;prohibitory
00194.png;1033;302;1111;376;prohibitory
00195.png;505;336;533;364;mandatory
00196.png;194;257;402;462;prohibitory;194;59;411;251;warning
00197.png;451;349;488;388;prohibitory
00198.png;549;257;715;420;prohibitory
00199.png;399;436;456;494;mandatory
00200.png;332;309;539;522;warning
00201.png;106;115;143;149;prohibitory;433;263;461;288;warning
00202.png;458;299;551;391;prohibitory
00203.png;813;428;833;448;mandatory
00204.png;309;262;336;289;mandatory
00205.png;481;249;610;391;prohibitory
00206.png;558;349;641;431;prohibitory;470;347;552;429;prohibitory;447;730;467;753;prohibitory;441;690;477;725;warning
00207.png;424;382;457;410;warning
00208.png;1027;449;1067;491;mandatory
00209.png;516;548;579;619;prohibitory;523;474;586;544;prohibitory;529;400;594;470;prohibitory;279;516;327;564;prohibitory
00210.png;364;458;405;501;prohibitory
00211.png;921;143;980;203;prohibitory
00212.png;465;454;502;490;mandatory
00213.png;945;496;977;527;mandatory
00214.png;760;419;789;447;prohibitory;564;433;605;474;mandatory;519;431;560;472;prohibitory;473;428;515;468;prohibitory;309;301;356;350;prohibitory
00215.png;1082;569;1121;609;mandatory
00216.png;487;246;529;282;warning
00217.png;435;363;456;383;warning
00218.png;1043;18;1083;60;prohibitory
00219.png;662;517;683;537;warning
00220.png;829;356;902;429;prohibitory;125;273;198;346;prohibitory
00221.png;470;290;578;405;prohibitory
00222.png;270;151;412;317;prohibitory
00223.png;299;220;477;396;prohibitory
00224.png;982;374;1034;424;prohibitory
00225.png;889;325;931;366;prohibitory
00226.png;721;311;793;386;prohibitory
00227.png;486;326;546;393;prohibitory
00228.png;549;373;627;450;prohibitory
00229.png;1100;249;1154;300;mandatory
00230.png;340;420;366;445;mandatory;310;419;336;445;prohibitory;280;417;306;443;prohibitory;387;443;459;514;prohibitory
00231.png;673;361;719;405;prohibitory
00232.png;487;465;518;494;mandatory
00233.png;844;155;877;188;prohibitory
00234.png;612;292;705;387;prohibitory
00235.png;1095;110;1186;201;prohibitory
00236.png;492;377;515;401;mandatory
00237.png;345;260;446;362;prohibitory
00238.png;708;418;743;453;mandatory
00239.png;521;362;569;408;mandatory;473;358;519;406;prohibitory;423;354;471;402;prohibitory
00240.png;382;439;431;491;prohibitory
00241.png;1041;187;1119;265;prohibitory
00242.png;844;327;889;375;mandatory
00243.png;844;441;873;469;prohibitory
00244.png;496;317;574;394;prohibitory
00245.png;420;449;462;491;prohibitory;378;453;422;492;warning;327;450;371;490;warning
00246.png;763;385;860;482;prohibitory
00247.png;877;289;932;365;mandatory;876;369;937;439;prohibitory
00248.png;466;347;522;397;warning
00249.png;366;282;447;362;prohibitory;366;202;446;283;prohibitory
00250.png;1147;226;1178;257;prohibitory
00251.png;1041;247;1087;294;prohibitory;1043;185;1087;229;warning
00252.png;270;88;336;154;mandatory
00253.png;938;275;995;332;prohibitory
00254.png;559;397;620;456;prohibitory;520;369;568;415;prohibitory
00255.png;769;131;816;180;mandatory
00256.png;733;226;827;324;warning
00257.png;369;239;396;266;mandatory;879;221;904;247;prohibitory
00258.png;625;142;660;178;prohibitory
00259.png;478;425;510;456;prohibitory
00260.png;355;400;401;440;warning;353;339;401;387;prohibitory
00261.png;456;134;534;206;warning
00262.png;500;375;583;482;prohibitory;396;586;427;615;prohibitory
00263.png;472;240;506;274;prohibitory;341;241;375;275;prohibitory;209;244;243;278;prohibitory
00264.png;383;171;602;385;prohibitory
00265.png;922;409;962;452;prohibitory
00266.png;1127;131;1208;210;prohibitory
00267.png;509;408;550;448;mandatory
00268.png;611;322;670;418;mandatory
00269.png;1127;328;1156;360;prohibitory
00270.png;531;336;594;398;warning
00271.png;949;354;980;380;warning
00272.png;976;352;1033;407;warning
00273.png;478;343;506;371;warning
00274.png;891;325;930;364;prohibitory
00275.png;764;470;839;545;prohibitory
00276.png;587;307;619;340;prohibitory
00277.png;381;359;428;403;prohibitory
00278.png;495;460;531;495;warning
00279.png;543;167;563;187;mandatory;1220;140;1269;184;mandatory
00280.png;340;380;364;407;mandatory;340;343;364;370;prohibitory
00281.png;449;289;495;331;warning
00282.png;193;370;425;579;warning;183;115;411;315;warning
00283.png;370;478;395;504;prohibitory
00284.png;898;454;923;480;prohibitory;672;342;718;408;prohibitory
00285.png;486;328;544;384;warning
00286.png;282;394;316;427;mandatory
00287.png;507;177;541;211;mandatory
00288.png;1050;184;1118;255;mandatory;1189;220;1224;272;mandatory
00289.png;1000;377;1071;447;mandatory
00290.png;342;379;422;452;warning;257;374;338;447;warning
00291.png;588;410;634;454;prohibitory
00292.png;795;414;828;448;prohibitory
00293.png;894;480;938;524;prohibitory;542;440;615;512;mandatory;458;438;533;512;prohibitory;377;438;450;509;prohibitory
00294.png;1043;263;1105;320;warning
00295.png;956;379;1002;423;prohibitory
00296.png;587;431;644;488;warning;582;353;645;410;warning
00297.png;1001;104;1096;199;mandatory
00298.png;396;95;594;283;warning
00299.png;745;450;789;494;prohibitory;317;395;361;439;prohibitory
00300.png;851;425;893;467;mandatory
00301.png;556;280;651;370;warning
00302.png;402;358;474;429;prohibitory
00303.png;955;416;1004;462;mandatory
00304.png;935;377;987;429;prohibitory
00305.png;493;451;520;478;mandatory
00306.png;347;385;395;434;prohibitory
00307.png;393;439;499;544;prohibitory;411;221;519;326;prohibitory
00308.png;791;265;832;306;mandatory;1209;270;1251;312;mandatory
00309.png;511;377;563;427;prohibitory
00310.png;577;435;614;470;warning
00311.png;838;468;865;493;warning;839;442;864;467;warning;733;285;820;366;warning;738;198;828;283;warning
00312.png;568;219;706;352;mandatory;420;226;555;357;prohibitory;273;231;404;362;prohibitory
00313.png;94;223;126;254;mandatory;975;220;1014;255;prohibitory
00314.png;1067;400;1107;445;prohibitory
00315.png;457;421;502;467;prohibitory;227;496;258;529;prohibitory
00316.png;477;319;529;368;warning
00317.png;293;249;320;276;mandatory;761;217;793;246;mandatory
00318.png;736;98;785;148;mandatory;987;95;1037;145;mandatory
00319.png;458;326;535;407;prohibitory
00320.png;911;223;940;252;mandatory;1072;152;1104;181;mandatory
00321.png;640;112;699;172;mandatory;575;118;634;176;prohibitory;511;123;567;182;prohibitory
00322.png;806;309;829;334;prohibitory;806;279;829;300;warning
00323.png;779;110;969;318;prohibitory
00324.png;546;517;590;556;warning;473;539;502;571;warning
00325.png;598;51;649;105;mandatory;864;51;914;102;mandatory
00326.png;388;122;553;263;warning;145;122;306;259;warning
00327.png;802;106;849;155;prohibitory
00328.png;471;445;526;501;prohibitory;194;249;257;314;mandatory;117;246;183;311;prohibitory;43;243;108;306;prohibitory
00329.png;571;178;788;389;warning
00330.png;911;219;938;244;warning
00331.png;968;201;1001;229;warning
00332.png;416;169;442;196;prohibitory;386;169;414;196;prohibitory;415;140;442;167;prohibitory;386;140;414;168;prohibitory;357;140;384;167;prohibitory
00333.png;171;10;288;138;mandatory
00334.png;929;408;970;448;warning;1108;241;1230;361;mandatory
00335.png;365;226;389;251;prohibitory
00336.png;524;388;556;417;warning
00337.png;841;377;877;421;prohibitory;791;435;822;466;mandatory
00338.png;480;274;529;323;prohibitory
00339.png;378;228;409;259;mandatory;936;209;965;237;prohibitory
00340.png;507;313;593;402;prohibitory;504;218;597;303;warning
00341.png;924;164;971;211;mandatory
00342.png;937;386;981;433;mandatory;898;323;942;366;prohibitory
00343.png;656;189;683;217;prohibitory;163;174;192;201;prohibitory
00344.png;535;401;607;467;warning;540;315;611;383;warning
00345.png;692;179;729;214;mandatory;839;63;876;102;mandatory
00346.png;451;458;528;525;warning
00347.png;481;353;508;381;prohibitory;451;354;477;379;warning
00348.png;471;332;542;395;warning;470;401;548;470;warning
00349.png;373;192;440;252;warning;186;470;206;494;mandatory
00350.png;147;477;184;518;prohibitory
00351.png;725;326;751;354;mandatory
00352.png;211;221;247;257;mandatory;916;193;951;228;prohibitory
00353.png;877;409;905;440;prohibitory
00354.png;409;553;433;576;prohibitory;487;509;544;566;mandatory
00355.png;561;48;818;281;warning
00356.png;869;286;897;315;prohibitory;870;250;897;277;warning
00357.png;473;399;520;449;prohibitory
00358.png;906;397;948;438;prohibitory
00359.png;1051;262;1092;302;mandatory
00360.png;358;409;409;457;warning
00361.png;185;418;214;447;prohibitory;152;417;183;448;prohibitory
00362.png;1049;344;1101;393;warning
00363.png;647;346;696;397;prohibitory
00364.png;614;363;689;441;prohibitory
00365.png;995;373;1036;414;mandatory
00366.png;472;339;507;370;warning;470;307;506;336;warning
00367.png;94;370;163;435;mandatory
00368.png;561;418;611;468;prohibitory
00369.png;667;579;704;616;mandatory;624;577;663;616;prohibitory;581;575;620;614;prohibitory
00370.png;911;403;956;447;prohibitory
00371.png;869;293;902;320;warning
00372.png;397;486;464;553;prohibitory;396;390;463;457;prohibitory
00373.png;480;338;550;410;prohibitory
00374.png;484;467;515;498;mandatory
00375.png;210;240;246;275;mandatory
00376.png;1034;276;1087;337;prohibitory
00377.png;629;513;658;542;prohibitory
00378.png;605;250;686;344;mandatory;601;345;686;437;prohibitory
00379.png;486;302;542;364;prohibitory
00380.png;274;377;313;426;prohibitory
00381.png;1006;231;1074;293;prohibitory
00382.png;945;461;995;509;mandatory
00383.png;883;174;906;197;prohibitory;938;217;1005;281;warning
00384.png;1101;253;1154;307;prohibitory
00385.png;366;255;409;315;prohibitory
00386.png;1020;380;1078;438;mandatory
00387.png;1192;328;1245;374;warning
00388.png;1079;304;1166;387;prohibitory
00389.png;811;439;848;475;mandatory
00390.png;838;118;877;157;prohibitory
00391.png;70;343;128;456;mandatory
00392.png;925;417;946;438;mandatory;900;417;924;440;prohibitory;876;418;897;439;prohibitory
00393.png;571;387;596;411;mandatory
00394.png;388;181;529;301;warning;389;46;529;177;warning
00395.png;1143;255;1217;325;prohibitory
00396.png;894;348;925;379;prohibitory
00397.png;224;250;249;277;mandatory;635;106;682;154;mandatory;888;108;935;157;mandatory
00398.png;938;217;1009;282;warning
00399.png;404;186;444;228;mandatory
00400.png;898;169;946;215;mandatory;208;204;228;225;mandatory
00401.png;564;194;584;214;prohibitory;1145;119;1276;237;warning
00402.png;663;326;695;358;prohibitory
00403.png;402;181;434;213;mandatory
00404.png;815;259;854;293;warning
00405.png;670;159;939;426;warning
00406.png;435;370;475;410;prohibitory
00407.png;419;394;479;453;warning
00408.png;1144;117;1278;234;warning
00409.png;623;612;681;669;mandatory
00410.png;744;406;790;450;mandatory
00411.png;415;433;444;476;mandatory
00412.png;560;347;588;374;prohibitory
00413.png;991;315;1028;348;warning
00414.png;1082;167;1206;272;warning
00415.png;494;251;517;274;mandatory;1130;226;1172;267;mandatory
00416.png;170;269;201;298;mandatory
00417.png;370;170;534;362;prohibitory
00418.png;902;497;929;523;prohibitory
00419.png;454;279;525;352;prohibitory
00420.png;517;443;583;509;prohibitory;520;363;586;429;prohibitory
00421.png;265;116;286;137;mandatory;736;104;782;147;mandatory
00422.png;235;385;310;460;prohibitory
00423.png;501;254;561;314;prohibitory
00424.png;128;342;186;432;prohibitory;649;341;742;441;prohibitory
00425.png;358;317;428;400;warning;361;230;429;313;warning
00426.png;1061;118;1123;175;warning
00427.png;560;197;704;344;prohibitory
00428.png;1181;166;1256;235;warning
00429.png;1040;435;1062;455;warning
00430.png;401;361;460;418;warning;355;419;392;452;warning;354;376;394;409;warning
00431.png;487;392;519;423;prohibitory
00432.png;1099;256;1199;347;prohibitory
00433.png;742;156;812;224;prohibitory;371;182;438;249;prohibitory;430;345;508;424;mandatory
00434.png;18;143;219;347;warning
00435.png;547;290;597;334;warning
00436.png;476;340;533;391;warning;472;281;528;333;warning
00437.png;523;393;606;506;prohibitory;513;282;597;392;prohibitory;344;452;422;553;prohibitory;335;353;427;450;prohibitory
00438.png;874;423;919;467;warning
00439.png;557;255;624;325;prohibitory
00440.png;754;288;806;338;prohibitory
00441.png;874;387;899;412;prohibitory;339;288;390;338;prohibitory
00442.png;359;284;390;315;mandatory;464;196;493;227;mandatory
00443.png;887;377;942;429;mandatory;401;411;438;446;mandatory
00444.png;581;292;673;384;mandatory;481;293;570;382;prohibitory;384;294;471;383;prohibitory
00445.png;948;175;987;214;mandatory;1205;173;1245;212;mandatory
00446.png;1003;393;1049;439;prohibitory
00447.png;1069;134;1125;189;mandatory
00448.png;857;366;905;414;prohibitory;785;3;842;58;prohibitory;702;9;756;64;prohibitory
00449.png;451;419;475;445;prohibitory
00450.png;478;428;526;474;prohibitory
00451.png;280;212;312;241;mandatory
00452.png;512;423;584;494;prohibitory
00453.png;274;345;327;402;mandatory
00454.png;1095;203;1167;267;warning
00455.png;1107;446;1132;470;warning
00456.png;305;74;342;111;prohibitory;305;33;344;72;prohibitory;264;74;303;113;prohibitory;263;33;303;72;prohibitory;221;32;261;73;prohibitory
00457.png;542;230;621;310;mandatory
00458.png;516;443;627;539;warning;520;350;622;439;warning
00459.png;545;343;584;384;prohibitory
00460.png;301;596;498;765;prohibitory;302;382;503;580;prohibitory;312;179;509;371;prohibitory
00461.png;121;72;184;136;mandatory;793;253;816;273;mandatory;929;257;950;277;mandatory
00462.png;952;435;1001;483;mandatory
00463.png;824;225;855;254;mandatory
00464.png;148;70;267;189;prohibitory
00465.png;105;139;209;244;prohibitory
00466.png;342;608;369;635;prohibitory;806;370;855;421;prohibitory
00467.png;512;434;556;480;prohibitory
00468.png;633;321;761;451;warning;197;506;301;610;prohibitory;200;414;300;503;warning
00469.png;860;396;897;429;warning
00470.png;1112;393;1143;422;prohibitory;1111;361;1143;390;prohibitory;1073;393;1104;422;prohibitory;1073;361;1102;392;prohibitory;924;434;960;471;prohibitory
00471.png;944;317;999;380;prohibitory
00472.png;462;335;636;509;prohibitory
00473.png;519;336;681;494;prohibitory
00474.png;48;650;85;686;prohibitory;504;404;559;459;prohibitory
00475.png;426;112;532;287;warning;198;514;241;557;warning
00476.png;453;323;538;449;prohibitory
00477.png;980;263;1019;302;mandatory
00478.png;241;474;274;509;prohibitory
00479.png;1142;187;1223;263;warning
00480.png;772;218;806;250;warning
00481.png;581;12;639;71;prohibitory
00482.png;399;158;438;197;mandatory
00483.png;455;555;489;592;prohibitory;458;515;492;554;prohibitory;462;477;497;513;prohibitory;350;522;381;551;prohibitory
00484.png;948;436;981;471;prohibitory
00485.png;425;431;471;480;prohibitory
00486.png;1112;370;1143;399;warning
00487.png;916;173;950;207;mandatory
00488.png;497;439;523;465;mandatory;803;430;835;462;mandatory
00489.png;1231;418;1264;450;prohibitory;1231;382;1264;413;prohibitory;1194;382;1226;413;prohibitory;1002;436;1042;475;prohibitory
00490.png;320;265;379;327;prohibitory
00491.png;539;313;611;388;prohibitory;538;234;613;307;warning
00492.png;787;466;816;497;mandatory
00493.png;485;236;511;261;mandatory
00494.png;446;618;470;641;prohibitory;460;347;537;421;prohibitory
00495.png;445;296;574;411;warning
00496.png;347;171;393;214;warning
00497.png;1036;156;1080;195;warning
00498.png;162;499;199;535;prohibitory;655;483;687;515;mandatory;850;482;882;515;mandatory
00499.png;348;434;454;541;prohibitory;345;282;452;391;prohibitory
00500.png;706;447;734;476;mandatory;672;446;701;475;prohibitory;640;446;669;475;prohibitory
00501.png;870;540;907;577;prohibitory;600;546;654;600;mandatory;540;541;594;596;prohibitory;479;538;533;590;prohibitory;92;253;169;331;prohibitory
00502.png;315;299;485;477;prohibitory
00503.png;471;348;514;395;mandatory;419;343;465;390;prohibitory;365;338;412;386;prohibitory
00504.png;783;404;827;462;mandatory
00505.png;608;305;700;399;mandatory
00506.png;117;236;161;279;mandatory;894;243;941;291;mandatory;863;170;911;216;prohibitory
00507.png;1170;224;1205;252;warning
00508.png;433;154;499;213;warning
00509.png;1086;496;1125;538;mandatory
00510.png;453;367;547;452;warning;458;261;551;345;warning
00511.png;333;223;425;312;prohibitory
00512.png;876;230;912;266;mandatory;1095;240;1134;277;mandatory
00513.png;451;220;479;248;mandatory
00514.png;1060;239;1131;307;prohibitory;492;289;559;355;prohibitory
00515.png;197;439;257;494;warning;203;380;262;437;prohibitory
00516.png;1172;377;1237;435;prohibitory
00517.png;436;436;463;464;mandatory
00518.png;271;257;315;297;warning
00519.png;819;371;847;398;mandatory
00520.png;644;460;667;483;mandatory
00521.png;356;259;387;292;mandatory
00522.png;176;409;209;445;prohibitory
00523.png;1132;161;1204;231;mandatory;787;241;814;267;warning
00524.png;305;320;410;430;prohibitory
00525.png;884;178;917;210;mandatory
00526.png;328;521;385;578;prohibitory;327;460;384;518;prohibitory;169;608;189;628;prohibitory
00527.png;512;382;652;523;prohibitory
00528.png;173;217;200;246;mandatory
00529.png;448;491;474;517;mandatory
00530.png;712;263;870;424;mandatory
00531.png;1028;258;1052;281;prohibitory
00532.png;1045;279;1093;327;prohibitory
00533.png;285;127;490;324;prohibitory
00534.png;348;23;408;83;prohibitory
00535.png;497;165;646;291;warning
00536.png;277;278;320;315;warning
00537.png;471;280;503;311;warning
00538.png;971;394;1010;434;warning;962;355;1002;392;warning
00539.png;1124;458;1148;482;prohibitory;1123;430;1147;453;prohibitory;1094;430;1118;454;prohibitory;961;464;996;499;prohibitory
00540.png;514;376;634;499;prohibitory
00541.png;826;304;852;329;warning
00542.png;428;200;506;279;mandatory
00543.png;423;180;548;336;prohibitory
00544.png;164;359;284;477;prohibitory
00545.png;1187;239;1238;286;mandatory
00546.png;1022;227;1064;268;mandatory;861;255;882;276;warning
00547.png;1046;399;1070;425;prohibitory
00548.png;583;316;641;375;prohibitory
00549.png;502;339;530;364;warning;469;339;495;366;prohibitory
00550.png;622;354;728;458;mandatory;506;361;609;465;prohibitory;392;369;494;471;prohibitory
00551.png;627;412;704;491;prohibitory
00552.png;1108;182;1164;233;warning
00553.png;418;471;486;538;prohibitory;419;377;486;444;prohibitory
00554.png;509;336;563;392;prohibitory
00555.png;478;443;498;466;prohibitory
00556.png;336;561;405;620;warning
00557.png;402;228;452;279;mandatory
00558.png;802;423;835;455;prohibitory;698;239;730;270;prohibitory
00559.png;849;411;878;437;warning
00560.png;1193;208;1230;244;prohibitory
00561.png;431;359;504;434;prohibitory
00562.png;474;299;580;401;warning;349;425;403;474;warning;353;358;408;410;warning
00563.png;382;427;406;452;mandatory
00564.png;502;362;542;397;warning
00565.png;408;392;444;424;warning
00566.png;632;89;849;276;warning
00567.png;756;260;806;312;prohibitory;484;271;533;320;prohibitory;538;399;592;453;mandatory
00568.png;1015;351;1065;403;mandatory
00569.png;756;343;902;493;mandatory;587;328;742;485;prohibitory;418;316;574;472;prohibitory
00570.png;347;232;374;259;mandatory
00571.png;1179;179;1226;223;prohibitory
00572.png;469;382;518;432;mandatory;946;410;968;433;mandatory
00573.png;336;419;376;476;mandatory
00574.png;760;228;843;301;warning
00575.png;863;495;898;529;mandatory;823;495;859;530;prohibitory;784;496;819;531;prohibitory
00576.png;869;219;950;320;prohibitory
00577.png;1177;338;1217;377;prohibitory;1176;295;1216;335;prohibitory;1128;338;1167;378;prohibitory;1125;296;1166;335;prohibitory;916;412;957;452;prohibitory
00578.png;592;290;711;407;prohibitory
00579.png;549;289;708;445;prohibitory
00580.png;397;464;463;538;prohibitory
00581.png;1193;362;1229;399;prohibitory
00582.png;1053;280;1096;324;mandatory
00583.png;419;500;454;544;prohibitory
00584.png;314;85;516;282;prohibitory
00585.png;373;106;477;212;prohibitory
00586.png;960;248;980;269;prohibitory
00587.png;322;397;387;464;prohibitory
00588.png;1027;408;1067;450;mandatory
00589.png;324;439;349;466;warning;324;407;350;433;warning;537;218;634;306;warning
00590.png;504;234;528;258;mandatory
00591.png;759;102;834;174;prohibitory
00592.png;868;379;895;406;prohibitory
00593.png;614;262;748;382;warning;615;142;748;259;warning
00594.png;474;372;515;413;mandatory;430;374;471;415;prohibitory;385;374;425;415;prohibitory
00595.png;1160;80;1211;134;prohibitory
00596.png;725;431;749;457;prohibitory;651;310;671;332;prohibitory
00597.png;607;266;639;298;prohibitory;607;236;639;268;prohibitory
00598.png;608;97;941;429;prohibitory
00599.png;752;441;818;508;prohibitory;752;371;815;437;mandatory
00600.png;957;284;993;318;mandatory
00601.png;596;96;642;143;prohibitory
00602.png;961;540;1010;588;mandatory
00603.png;410;374;442;402;warning;408;341;442;370;warning
00604.png;493;378;547;435;prohibitory
00605.png;394;166;442;213;mandatory;930;235;953;256;mandatory
00606.png;235;331;275;373;prohibitory;837;403;862;427;mandatory
00607.png;491;326;554;383;warning
00608.png;977;428;1006;457;mandatory
00609.png;1020;474;1052;506;prohibitory
00610.png;359;287;456;390;prohibitory
00611.png;1092;19;1181;102;mandatory
00612.png;846;400;886;439;mandatory;466;420;498;451;mandatory
00613.png;399;400;538;542;prohibitory
00614.png;208;393;262;445;prohibitory
00615.png;1132;111;1224;203;prohibitory
00616.png;665;491;721;547;prohibitory;499;335;568;402;mandatory;422;332;492;402;prohibitory;345;328;416;398;prohibitory
00617.png;347;401;388;438;warning
00618.png;767;307;787;328;prohibitory;765;280;788;301;warning
00619.png;461;334;531;401;prohibitory
00620.png;822;495;850;522;mandatory
00621.png;440;360;489;410;mandatory
00622.png;491;364;514;388;prohibitory
00623.png;473;370;600;483;warning
00624.png;571;274;617;314;warning;523;271;567;313;warning
00625.png;87;248;120;280;mandatory;894;241;936;282;mandatory;1138;254;1184;295;mandatory
00626.png;470;361;539;430;prohibitory
00627.png;312;196;341;225;mandatory
00628.png;359;208;391;241;mandatory
00629.png;437;258;589;406;warning
00630.png;991;456;1044;509;mandatory
00631.png;259;418;293;455;prohibitory
00632.png;598;510;632;538;warning
00633.png;416;433;450;467;prohibitory;584;289;657;361;warning;587;213;664;284;warning
00634.png;919;456;961;497;mandatory
00635.png;976;297;1017;338;prohibitory
00636.png;141;330;241;437;prohibitory
00637.png;370;487;412;530;prohibitory;433;293;564;414;warning;428;159;560;278;warning
00638.png;88;24;160;98;mandatory
00639.png;427;440;449;462;prohibitory
00640.png;568;461;638;532;mandatory;488;453;560;525;prohibitory;409;443;482;516;prohibitory
00641.png;312;159;349;194;mandatory;1140;140;1190;187;mandatory
00642.png;497;297;570;372;prohibitory;511;194;583;267;prohibitory
00643.png;394;387;442;445;prohibitory;629;523;652;547;warning;839;497;859;520;warning
00644.png;471;496;512;535;warning;471;444;513;483;warning
00645.png;852;203;887;234;mandatory;1053;212;1088;247;mandatory
00646.png;580;524;601;547;warning;637;512;662;536;warning
00647.png;594;487;615;508;prohibitory;592;465;613;488;prohibitory
00648.png;240;359;273;387;warning;204;357;238;385;warning
00649.png;608;294;664;351;prohibitory
00650.png;185;289;235;339;prohibitory
00651.png;660;396;770;507;mandatory;539;389;647;498;prohibitory;418;385;524;491;prohibitory
00652.png;336;393;367;433;prohibitory
00653.png;626;418;712;493;warning;630;333;715;416;prohibitory
00654.png;624;566;670;615;mandatory
00655.png;303;51;350;134;prohibitory
00656.png;794;406;814;428;mandatory
00657.png;535;257;614;334;prohibitory
00658.png;517;484;592;560;prohibitory;520;406;598;481;prohibitory;521;326;597;402;prohibitory
00659.png;446;380;503;444;prohibitory
00660.png;324;343;420;438;prohibitory
00661.png;392;231;473;304;warning;240;517;269;546;mandatory
00662.png;253;192;633;570;prohibitory
00663.png;414;365;457;405;warning;366;364;410;403;warning
00664.png;148;215;182;250;mandatory;776;223;813;262;mandatory;753;164;790;201;prohibitory
00665.png;591;385;614;410;prohibitory;829;102;894;167;prohibitory
00666.png;683;416;715;451;mandatory
00667.png;426;379;544;495;prohibitory;584;525;747;671;warning
00668.png;339;414;370;445;mandatory
00669.png;507;293;539;327;prohibitory
00670.png;564;231;653;314;warning
00671.png;1085;483;1112;509;prohibitory
00672.png;704;314;792;390;warning
00673.png;255;350;297;398;prohibitory
00674.png;995;215;1028;247;mandatory;1177;135;1211;168;mandatory
00675.png;454;282;581;392;warning
00676.png;1232;142;1259;168;prohibitory;1232;113;1259;139;prohibitory;1202;113;1230;140;prohibitory;438;90;484;134;prohibitory;365;287;388;308;prohibitory
00677.png;908;543;957;592;mandatory
00678.png;1020;367;1052;396;warning
00679.png;1054;416;1087;447;warning
00680.png;348;320;472;469;prohibitory
00681.png;313;101;387;176;mandatory;978;289;1010;318;mandatory
00682.png;1102;423;1157;470;warning
00683.png;892;125;938;172;mandatory
00684.png;372;217;395;240;mandatory;1116;184;1164;231;mandatory
00685.png;1079;351;1154;423;prohibitory
00686.png;382;244;428;292;prohibitory
00687.png;230;401;254;426;prohibitory
00688.png;391;423;422;454;prohibitory
00689.png;838;182;870;215;mandatory;1044;182;1077;211;mandatory
00690.png;351;276;398;318;warning
00691.png;493;428;539;474;mandatory
00692.png;432;409;471;446;prohibitory;391;410;430;447;prohibitory
00693.png;552;313;640;399;warning;556;220;646;306;warning;416;445;475;507;prohibitory
00694.png;857;315;928;383;mandatory
00695.png;530;418;555;443;mandatory;501;418;527;444;prohibitory;473;419;499;444;prohibitory
00696.png;432;430;458;454;warning;433;405;457;429;warning;319;250;409;330;warning;322;163;412;245;warning
00697.png;878;470;900;492;prohibitory
00698.png;523;279;635;421;prohibitory
00699.png;487;251;556;314;warning
00700.png;264;490;278;525;warning
00701.png;369;362;408;538;prohibitory
00702.png;266;554;320;680;warning;268;436;318;555;warning
00703.png;588;174;605;216;warning
00704.png;499;276;515;317;mandatory
00705.png;138;307;156;348;mandatory;458;282;474;322;prohibitory
00706.png;65;485;93;553;mandatory
00707.png;201;179;219;225;mandatory
00708.png;208;386;236;481;prohibitory
00709.png;172;312;188;352;mandatory;468;286;483;323;prohibitory
00710.png;424;326;446;382;mandatory
00711.png;57;144;145;377;prohibitory
00712.png;299;325;376;528;warning;234;555;279;660;warning;235;416;280;524;warning
00713.png;494;113;551;300;prohibitory
00714.png;369;224;383;259;mandatory;456;220;470;255;mandatory
00715.png;587;481;605;528;prohibitory
00716.png;72;157;98;225;mandatory
00717.png;484;540;496;572;prohibitory
00718.png;256;406;279;468;prohibitory;256;342;280;402;warning
00719.png;362;628;376;664;prohibitory;267;439;300;525;prohibitory;205;675;218;711;prohibitory
00720.png;83;267;104;317;mandatory;486;220;504;272;prohibitory
00721.png;393;621;405;655;mandatory
00722.png;69;361;93;428;prohibitory;429;491;441;525;mandatory
00723.png;41;595;71;676;warning;34;443;106;595;warning
00724.png;515;514;542;581;prohibitory
00725.png;294;475;317;538;prohibitory;204;472;227;533;prohibitory;114;469;137;532;prohibitory
00726.png;231;437;282;605;prohibitory
00727.png;349;579;362;612;mandatory
00728.png;225;452;294;620;warning;231;280;297;452;prohibitory
00729.png;545;376;594;501;prohibitory;543;250;593;376;prohibitory
00730.png;495;571;511;612;prohibitory
00731.png;184;503;227;601;warning
00732.png;257;373;310;498;warning;256;508;309;634;warning
00733.png;186;549;210;615;prohibitory
00734.png;191;542;274;754;warning;12;871;47;955;warning
00735.png;81;200;151;389;prohibitory
00736.png;222;559;262;647;warning;223;454;264;546;warning
00737.png;183;385;196;417;mandatory
00738.png;289;603;310;657;prohibitory
00739.png;261;333;342;537;mandatory;170;311;253;523;prohibitory;79;287;162;501;prohibitory
00740.png;213;410;283;593;prohibitory
00741.png;447;359;480;443;mandatory
00742.png;263;679;288;733;mandatory;245;673;266;729;prohibitory;221;671;242;725;prohibitory
00743.png;279;310;327;426;warning
00744.png;450;393;479;472;prohibitory
00745.png;207;159;301;402;prohibitory
00746.png;174;360;203;426;warning
00747.png;233;493;253;543;prohibitory
00748.png;532;313;559;384;prohibitory
00749.png;189;463;247;598;warning
00750.png;473;547;500;616;mandatory
00751.png;276;439;317;547;mandatory;228;434;272;546;prohibitory;179.5;430.3;223.5;543.4;prohibitory
00752.png;417;633.1;431.5;670.8;mandatory
00753.png;155;256.1;218;447.2;mandatory
00754.png;313;432.9;362;565.5;prohibitory
00755.png;136;426.4;160;482.3;warning
00756.png;499.5;536.9;519;583.7;warning
00757.png;247.5;213.2;326.5;397.8;warning
00758.png;193;642.2;214;696.8;prohibitory
00759.png;312;570.7;340.5;635.7;warning
00760.png;195.5;287.3;212.5;331.5;mandatory
00761.png;473.5;535.6;496;594.1;mandatory
00762.png;261;525.2;286;591.5;prohibitory
00763.png;523.5;536.9;547.5;595.4;prohibitory
00764.png;215;270.4;237;327.6;mandatory
00765.png;271;540.8;300;613.6;mandatory;239.5;540.8;268;614.9;prohibitory;208;542.1;236.5;614.9;prohibitory
00766.png;232.5;620.1;246;653.9;prohibitory
00767.png;354.5;305.5;386;387.4;prohibitory;318.5;302.9;351;383.5;prohibitory
00768.png;236;286;310;478.4;prohibitory
00769.png;171;319.8;194.5;382.2;mandatory
00770.png;540.5;413.4;583;518.7;prohibitory;542.5;306.8;584;414.7;prohibitory
00771.png;459.5;543.4;473;578.5;mandatory
00772.png;466.5;351;486;395.2;warning
00773.png;189.5;768.3;208;816.4;mandatory;169.5;764.4;187.5;811.2;prohibitory;148.5;761.8;166.5;808.6;prohibitory;335.5;377;370.5;469.3;prohibitory
00774.png;205.5;522.6;216;548.6;prohibitory
00775.png;553;536.9;580.5;605.8;prohibitory
00776.png;226.5;336.7;261.5;423.8;prohibitory
00777.png;379.5;393.9;392;423.8;warning
00778.png;240;96.2;298;232.7;warning
00779.png;391;370.5;405.5;404.3;warning
00780.png;105;228.8;195;462.8;prohibitory
00781.png;133.5;486.2;151;529.1;prohibitory;133.5;435.5;151;481;prohibitory;112;487.5;128.5;530.4;prohibitory;112;439.4;129.5;484.9;prohibitory
00782.png;256;518.7;270;553.8;prohibitory
00783.png;200.5;646.1;212;677.3;prohibitory
00784.png;240;518.7;260.5;570.7;mandatory
00785.png;274.5;503.1;302.5;573.3;prohibitory;244;501.8;272.5;572;prohibitory
00786.png;267.5;462.8;304.5;556.4;prohibitory;264.5;367.9;301.5;461.5;prohibitory
00787.png;326;491.4;338;521.3;prohibitory;493;474.5;504.5;504.4;mandatory;566;470.6;579;501.8;mandatory
00788.png;161.5;310.7;183;361.4;warning
00789.png;158;287.3;176.5;332.8;mandatory;580.5;256.1;605.5;321.1;mandatory
00790.png;86;370.5;98.5;403;prohibitory
00791.png;506.5;150.8;541;235.3;mandatory;29.5;227.5;43.5;262.6;mandatory
00792.png;170;552.5;206;647.4;prohibitory
00793.png;227;481;254.5;551.2;prohibitory
00794.png;236.5;523.9;272.5;624;mandatory;193.5;514.8;231;612.3;prohibitory;151;505.7;188;603.2;prohibitory
00795.png;473;447.2;502;522.6;mandatory
00796.png;240;461.5;269.5;539.5;prohibitory
00797.png;257.5;386.1;300;513.5;prohibitory
00798.png;372.5;270.4;399.5;341.9;mandatory
00799.png;474.5;366.6;491.5;412.1;prohibitory;474.5;305.5;492;349.7;warning
00800.png;168;312;186.5;354.9;warning
00801.png;33;897;49;943.8;prohibitory;34.5;848.9;51.5;895.7;prohibitory;77;500.5;145;681.2;prohibitory;235.5;435.5;320;659.1;prohibitory
00802.png;157.5;102.7;196.5;204.1;mandatory
00803.png;570;468;603;549.9;prohibitory;568;552.5;602;633.1;mandatory
00804.png;403.5;170.3;426.5;230.1;prohibitory
00805.png;563.5;347.1;594.5;423.8;prohibitory
00806.png;557;379.6;581.5;434.2;warning
00807.png;433.5;578.5;451;620.1;warning
00808.png;35;266.5;68.5;340.6;warning
00809.png;523.5;395.2;565.5;497.9;prohibitory;525;289.9;566.5;393.9;prohibitory
00810.png;412;193.7;432.5;248.3;prohibitory
00811.png;229;416;250.5;471.9;prohibitory;206;418.6;227;474.5;prohibitory
00812.png;434.5;254.8;464;327.6;warning
00813.png;267.5;461.5;312.5;583.7;prohibitory
00814.png;505.5;250.9;553.5;369.2;mandatory
00815.png;252;325;267.5;365.3;mandatory
00816.png;570;338;612;443.3;prohibitory;224;405.6;264;510.9;prohibitory
00817.png;144.5;494;179;585;prohibitory
00818.png;427.5;648.7;443;704.6;prohibitory;292;240.5;369.5;452.4;prohibitory
00819.png;458.5;600.6;468.5;626.6;warning;213;469.3;248.5;551.2;warning
00820.png;302;371.8;338.5;465.4;prohibitory
00821.png;199.5;475.8;224.5;540.8;mandatory
00822.png;456.5;439.4;473.5;483.6;mandatory
00823.png;221.5;443.3;268.5;561.6;prohibitory;196.5;395.2;231.5;487.5;prohibitory
00824.png;459;260;488;331.5;mandatory
00825.png;166.5;263.9;179;297.7;mandatory;591;205.4;618;273;mandatory
00826.png;215.5;430.3;263;556.4;prohibitory
00827.png;387.5;313.3;443;457.6;mandatory;325;314.6;379.5;457.6;prohibitory;264.5;319.8;317.5;457.6;prohibitory
00828.png;285.5;456.3;333;560.3;warning;286.5;314.6;331.5;419.9;warning
00829.png;297.5;525.2;331.5;613.6;prohibitory
00830.png;574;344.5;607;417.3;warning
00831.png;155;568.1;184.5;639.6;warning
00832.png;254.5;361.4;289.5;453.7;prohibitory
00833.png;514;453.7;534;510.9;mandatory
00834.png;195;352.3;268;540.8;prohibitory
00835.png;230.5;185.9;265.5;291.2;prohibitory;107.5;284.7;123;319.8;warning
00836.png;237;435.5;250;468;mandatory;224;435.5;236;466.7;prohibitory;210;434.2;222.5;466.7;prohibitory
00837.png;267;336.7;311;447.2;prohibitory
00838.png;185;587.6;197;621.4;prohibitory
00839.png;488;499.2;518.5;575.9;prohibitory
00840.png;76;891.8;112;984.1;prohibitory;191;215.8;250.5;351;warning;102;206.7;160;343.2;warning
00841.png;268;490.1;286;540.8;mandatory
00842.png;267.5;335.4;290.5;392.6;mandatory;242;326.3;265.5;387.4;prohibitory;216.5;321.1;239.5;382.2;prohibitory
00843.png;155.5;620.1;170;657.8;prohibitory
00844.png;268.5;548.6;342.5;739.7;mandatory;184.5;538.2;260;733.2;prohibitory;101.5;531.7;177;726.7;prohibitory
00845.png;304.5;518.7;325;569.4;mandatory
00846.png;434;234;444;260;prohibitory;430;323.7;455;378.3;warning
00847.png;538.5;466.7;555.5;509.6;warning
00848.png;484.5;300.3;518;379.6;mandatory
00849.png;217.5;10.4;326;257.4;warning
00850.png;190.5;392.6;235.5;509.6;prohibitory
00851.png;153.5;455;174.5;508.3;prohibitory
00852.png;124;287.3;151.5;361.4;mandatory
00853.png;366.5;104;441.5;319.8;mandatory
00854.png;211;594.1;237.5;664.3;warning
00855.png;300.5;604.5;318.5;650;prohibitory
00856.png;204.5;513.5;243.5;614.9;prohibitory;142.5;414.7;168;482.3;prohibitory;105.5;400.4;132.5;470.6;prohibitory;66.5;383.5;95.5;455;prohibitory;64;484.9;93.5;560.3;prohibitory
00857.png;78.5;345.8;103;409.5;mandatory
00858.png;510.5;384.8;531;439.4;mandatory
00859.png;235.5;409.5;278.5;520;warning
00860.png;250.5;263.9;292;393.9;prohibitory
00861.png;228;367.9;294;553.8;warning
00862.png;214;543.4;232;591.5;prohibitory;215;486.2;233;534.3;prohibitory
00863.png;401.5;322.4;434.5;418.6;prohibitory
00864.png;127;655.2;153;729.3;prohibitory;128.5;578.5;154.5;652.6;prohibitory
00865.png;284.5;470.6;306.5;525.2;prohibitory
00866.png;240;406.9;269;477.1;warning
00867.png;135.5;202.8;160;267.8;mandatory
00868.png;488.5;473.2;515.5;555.1;prohibitory
00869.png;266.5;601.9;303;695.5;mandatory;224.5;599.3;263;695.5;prohibitory;184;595.4;221.5;692.9;prohibitory
00870.png;458;351;486;436.8;prohibitory;461.5;443.3;487.5;529.1;prohibitory;402.5;484.9;422;535.6;mandatory
00871.png;458.5;462.8;474;504.4;prohibitory;475.5;457.6;491;499.2;prohibitory;492.5;457.6;508.5;497.9;mandatory;549.5;448.5;566;490.1;prohibitory;508;581.1;521;612.3;prohibitory
00872.png;177.5;543.4;198;590.2;warning
00873.png;219.5;416;247;487.5;warning;221;321.1;249;393.9;warning
00874.png;177.5;543.4;189.5;573.3;prohibitory;238;319.8;263;382.2;prohibitory;211;315.9;235.5;375.7;warning
00875.png;605.5;354.9;629.5;414.7;prohibitory;525;367.9;547.5;426.4;mandatory;501;371.8;523.5;426.4;prohibitory;478;375.7;500;434.2;prohibitory;547;536.9;565.5;583.7;prohibitory
00876.png;216;490.1;234;533;warning
00877.png;214;341.9;254;442;prohibitory;164;340.6;204;440.7;prohibitory
00878.png;229;561.6;245;596.7;warning
00879.png;334;833.3;348.5;884;prohibitory;165;590.2;188.5;651.3;prohibitory
00880.png;435.5;241.8;453;287.3;prohibitory
00881.png;206;440.7;234.5;522.6;prohibitory
00882.png;466;404.3;483.5;449.8;prohibitory
00883.png;102.5;457.6;128.5;531.7;prohibitory
00884.png;92;572;109;616.2;prohibitory;235;492.7;267;577.2;prohibitory
00885.png;239.5;559;288;674.7;warning;242;452.4;288;560.3;warning
00886.png;242.5;369.2;278;464.1;prohibitory
00887.png;350.5;579.8;361;609.7;mandatory
00888.png;319;280.8;413;533;prohibitory
00889.png;443;575.9;463.5;629.2;mandatory
00890.png;246;117;274.5;184.6;warning
00891.png;155.5;495.3;179.5;547.3;warning
00892.png;299.5;579.8;321.5;637;prohibitory;302;513.5;323.5;569.4;prohibitory;245.5;274.3;271.5;344.5;prohibitory;217;274.3;244;341.9;prohibitory;188;270.4;215;340.6;prohibitory
00893.png;461;604.5;472.5;638.3;prohibitory
00894.png;516.5;392.6;555.5;488.8;prohibitory
00895.png;252.5;436.8;266.5;473.2;mandatory
00896.png;97;334.1;201;600.6;prohibitory;97;76.7;205.5;326.3;warning
00897.png;225.5;453.7;244;504.4;prohibitory
00898.png;274.5;334.1;357.5;546;prohibitory
00899.png;199.5;566.8;228;642.2;mandatory
00900.png;166;401.7;269.5;678.6;warning
00901.png;53;149.5;71.5;193.7;prohibitory;216.5;341.9;230.5;374.4;warning
00902.png;229;388.7;275.5;508.3;prohibitory
00903.png;406.5;556.4;416.5;582.4;mandatory
00904.png;154.5;340.6;168;375.7;mandatory
00905.png;240.5;323.7;305;508.3;prohibitory
00906.png;279;453.7;320.5;560.3;prohibitory;235;451.1;276;557.7;prohibitory;223.5;949;233.5;978.9;prohibitory;220.5;897;238.5;942.5;warning
00907.png;212;496.6;228.5;533;warning
00908.png;513.5;583.7;533.5;638.3;mandatory
00909.png;258;712.4;289.5;804.7;prohibitory;261.5;616.2;293;707.2;prohibitory;264.5;520;297;611;prohibitory;139.5;670.8;163.5;733.2;prohibitory
00910.png;182;595.4;202.5;651.3;prohibitory
00911.png;460.5;185.9;490;263.9;prohibitory
00912.png;232.5;590.2;251;637;mandatory
00913.png;472.5;644.8;488.5;685.1;mandatory
00914.png;380;544.7;394.5;581.1;prohibitory;282;562.9;302.5;616.2;mandatory;259.5;560.3;280;613.6;prohibitory;236.5;556.4;257.5;608.4;prohibitory;154.5;391.3;178;455;prohibitory
00915.png;541;739.7;560.5;791.7;mandatory
00916.png;243.5;319.8;264.5;366.6;warning
00917.png;217.5;471.9;228;497.9;warning
00918.png;521.5;23.4;541.5;78;prohibitory
00919.png;331;672.1;341.5;698.1;warning
00920.png;414.5;462.8;451;557.7;prohibitory;62.5;354.9;99;449.8;prohibitory
00921.png;235;377;289;526.5;prohibitory
00922.png;135;196.3;206;412.1;prohibitory
00923.png;149.5;286;238.5;514.8;prohibitory
00924.png;491;486.2;517;551.2;prohibitory
00925.png;444.5;422.5;465.5;475.8;prohibitory
00926.png;360.5;404.3;396.5;501.8;prohibitory
00927.png;243;423.8;273;510.9;prohibitory
00928.png;274.5;484.9;313.5;585;prohibitory
00929.png;550;323.7;577;390;mandatory
00930.png;170;546;183;578.5;mandatory;155;544.7;168;578.5;prohibitory;140;542.1;153;575.9;prohibitory;193.5;575.9;229.5;668.2;prohibitory
00931.png;336.5;469.3;359.5;526.5;prohibitory
00932.png;243.5;604.5;259;642.2;mandatory
00933.png;422;201.5;438.5;244.4;prohibitory
00934.png;306;379.6;352.5;503.1;prohibitory
00935.png;547.5;143;593;261.3;prohibitory
00936.png;246;490.1;257.5;521.3;mandatory
00937.png;172.5;338;223;470.6;prohibitory
00938.png;354;543.4;371.5;588.9;mandatory
00939.png;260.5;470.6;284.5;530.4;mandatory;236.5;465.4;259.5;527.8;prohibitory;211.5;460.2;235.5;522.6;prohibitory
00940.png;191;570.7;215.5;638.3;prohibitory
00941.png;520.5;243.1;559.5;344.5;prohibitory
00942.png;422;425.1;444.5;487.5;mandatory
00943.png;422;573.3;436.5;609.7;prohibitory
00944.png;248;412.1;287;512.2;prohibitory
00945.png;210;583.7;231;638.3;prohibitory;189;588.9;211;639.6;warning;163.5;585;185.5;637;warning
00946.png;381.5;500.5;430;626.6;prohibitory
00947.png;438.5;375.7;466;474.5;mandatory;438;479.7;468.5;570.7;prohibitory
00948.png;233;451.1;261;516.1;warning
00949.png;183;366.6;223.5;470.6;prohibitory;183;262.6;223;367.9;prohibitory
00950.png;573.5;293.8;589;334.1;prohibitory
00951.png;520.5;321.1;543.5;382.2;prohibitory;521.5;240.5;543.5;297.7;warning
00952.png;135;114.4;168;200.2;mandatory
00953.png;469;357.5;497.5;431.6;prohibitory
00954.png;279.5;516.1;310;592.8;prohibitory;260;479.7;284;539.5;prohibitory
00955.png;384.5;170.3;408;234;mandatory
00956.png;366.5;293.8;413.5;421.2;warning
00957.png;184.5;310.7;198;345.8;mandatory;439.5;287.3;452;321.1;prohibitory
00958.png;312.5;184.6;330;231.4;prohibitory
00959.png;239;552.5;255;592.8;prohibitory
00960.png;177.5;520;200.5;572;warning;176.5;440.7;200.5;503.1;prohibitory
00961.png;228;174.2;267;267.8;warning
00962.png;250;487.5;291.5;626.6;prohibitory;198;761.8;213.5;799.5;prohibitory
00963.png;236;312;253;356.2;prohibitory;170.5;313.3;187.5;357.5;prohibitory;104.5;317.2;121.5;361.4;prohibitory
00964.png;191.5;222.3;301;500.5;prohibitory
00965.png;461;531.7;481;587.6;prohibitory
00966.png;563.5;170.3;604;273;prohibitory
00967.png;254.5;530.4;275;582.4;mandatory
00968.png;305.5;418.6;335;543.4;mandatory
00969.png;563.5;426.4;578;468;prohibitory
00970.png;265.5;436.8;297;517.4;warning
00971.png;474.5;460.2;490;494;warning
00972.png;488;457.6;516.5;529.1;warning
00973.png;239;445.9;253;482.3;warning
00974.png;445.5;422.5;465;473.2;prohibitory
00975.png;382;611;419.5;708.5;prohibitory
00976.png;293.5;399.1;309.5;442;prohibitory
00977.png;190.5;466.7;214;523.9;prohibitory
00978.png;247.5;598;265.5;643.5;warning
00979.png;271.5;217.1;281.5;243.1;mandatory;610;182;634.5;239.2;mandatory
00980.png;170;494;182;529.1;mandatory;170;445.9;182;481;prohibitory
00981.png;224.5;375.7;247.5;430.3;warning
00982.png;96.5;481;212.5;752.7;warning;91.5;149.5;205.5;409.5;warning
00983.png;185;621.4;197.5;655.2;prohibitory
00984.png;449;590.2;461.5;624;prohibitory;336;444.6;359;530.4;prohibitory
00985.png;243;426.4;272;499.2;warning
00986.png;141;512.2;158;555.1;mandatory
00987.png;253.5;230.1;270.5;274.3;mandatory
00988.png;525;239.2;559;331.5;mandatory;594.5;286;612;353.6;mandatory
00989.png;500;490.1;535.5;581.1;mandatory
00990.png;171;492.7;211;587.6;warning;128.5;486.2;169;581.1;warning
00991.png;294;533;317;590.2;prohibitory
00992.png;397.5;538.2;414;582.4;prohibitory
00993.png;447;624;469;681.2;prohibitory;271;572;307.5;665.6;mandatory;229;569.4;266.5;665.6;prohibitory;188.5;569.4;225;661.7;prohibitory
00994.png;521.5;341.9;552.5;416;warning
00995.png;478;492.7;501;549.9;prohibitory
00996.png;293.5;560.3;322;634.4;warning;291;458.9;322.5;533;warning
00997.png;500.5;135.2;548;258.7;mandatory
00998.png;198;123.5;297;367.9;warning
00999.png;372.5;585;394.5;642.2;prohibitory;158.5;513.5;180.5;570.7;prohibitory
01000.png;425.5;552.5;446.5;607.1;mandatory
